_time,pgm_nm,media,rcv,tm,tmp1,new_sub,cur_sub,sum_sub
2019-10-26 00:00:00,달콤한밤,문자,10,0,1.7,1,5,6
2019-10-26 00:00:00,달콤한밤,Kakao,15,0,1.9,0,8,8
2019-10-26 00:00:00,달콤한밤,TBS,18,0,4.5,1,3,4
2019-10-26 00:00:00,러브레터,문자,10,0,1.3,2,6,8
2019-10-26 00:00:00,러브레터,Kakao,0,0,0.0,0,0,0
2019-10-26 00:00:00,러브레터,TBS,0,0,0.0,0,0,0
2019-10-26 00:00:00,노래하는FM,문자,1,0,1.0,1,0,1
2019-10-26 00:00:00,노래하는FM,Kakao,0,0,0.0,0,0,0
2019-10-26 00:00:00,노래하는FM,TBS,0,0,0.0,0,0,0
2019-10-26 00:00:00,일요클래식,문자,0,0,0.0,0,0,0
2019-10-26 00:00:00,일요클래식,Kakao,0,0,0.0,0,0,0
2019-10-26 00:00:00,일요클래식,TBS,0,0,0.0,0,0,0
2019-10-26 00:00:00,라디오를켜라,문자,54,0,1.4,8,31,39
2019-10-26 00:00:00,라디오를켜라,Kakao,21,0,2.1,0,10,10
2019-10-26 00:00:00,라디오를켜라,TBS,35,0,1.6,3,19,22
2019-10-26 00:00:00,김어준 뉴스공장 주말특근,문자,9,0,1.3,0,7,7
2019-10-26 00:00:00,김어준 뉴스공장 주말특근,Kakao,2,0,1.0,1,1,2
2019-10-26 00:00:00,김어준 뉴스공장 주말특근,TBS,72,0,2.8,15,11,26
2019-10-26 00:00:00,교통시대,문자,0,0,0.0,0,0,0
2019-10-26 00:00:00,교통시대,Kakao,0,0,0.0,0,0,0
2019-10-26 00:00:00,교통시대,TBS,0,0,0.0,0,0,0
2019-10-26 00:00:00,김어준 뉴스공장,문자,0,0,0.0,0,0,0
2019-10-26 00:00:00,김어준 뉴스공장,Kakao,0,0,0.0,0,0,0
2019-10-26 00:00:00,김어준 뉴스공장,TBS,2,0,1.0,0,2,2
2019-10-26 00:00:00,tbs 아고라,문자,41,0,1.7,22,2,24
2019-10-26 00:00:00,tbs 아고라,Kakao,4,0,2.0,2,0,2
2019-10-26 00:00:00,tbs 아고라,TBS,135,0,3.6,35,2,37
2019-10-26 00:00:00,열린아침 김만흠,문자,0,0,0.0,0,0,0
2019-10-26 00:00:00,열린아침 김만흠,Kakao,0,0,0.0,0,0,0
2019-10-26 00:00:00,열린아침 김만흠,TBS,0,0,0.0,0,0,0
2019-10-26 00:00:00,김규리 퐁당퐁당,문자,0,1,0.0,0,0,0
2019-10-26 00:00:00,김규리 퐁당퐁당,Kakao,0,0,0.0,0,0,0
2019-10-26 00:00:00,김규리 퐁당퐁당,TBS,0,0,0.0,0,0,0
2019-10-26 00:00:00,기분좋은 토요일/일요일,문자,175,10,1.4,59,67,126
2019-10-26 00:00:00,기분좋은 토요일/일요일,Kakao,161,2,2.6,11,51,62
2019-10-26 00:00:00,기분좋은 토요일/일요일,TBS,171,0,2.6,20,45,65
2019-10-26 00:00:00,좋은사람들 송정애,문자,0,0,0.0,0,0,0
2019-10-26 00:00:00,좋은사람들 송정애,Kakao,0,0,0.0,0,0,0
2019-10-26 00:00:00,좋은사람들 송정애,TBS,1,0,1.0,0,1,1
2019-10-26 00:00:00,배칠수,문자,367,0,1.4,94,171,265
2019-10-26 00:00:00,배칠수,Kakao,267,0,2.9,5,86,91
2019-10-26 00:00:00,배칠수,TBS,217,0,2.7,17,62,79
2019-10-26 00:00:00,최일구,문자,21,0,1.1,6,14,20
2019-10-26 00:00:00,최일구,Kakao,30,0,1.9,1,15,16
2019-10-26 00:00:00,최일구,TBS,33,0,1.7,2,17,19
2019-10-26 00:00:00,진짜라디오,문자,18,0,1.3,10,4,14
2019-10-26 00:00:00,진짜라디오,Kakao,41,0,1.9,9,13,22
2019-10-26 00:00:00,진짜라디오,TBS,67,0,2.7,13,12,25
2019-10-26 00:00:00,이은미,문자,0,0,0.0,0,0,0
2019-10-26 00:00:00,이은미,Kakao,0,0,0.0,0,0,0
2019-10-26 00:00:00,이은미,TBS,0,0,0.0,0,0,0
2019-10-26 00:00:00,웅산,문자,33,18,1.4,11,13,24
2019-10-26 00:00:00,웅산,Kakao,22,6,1.7,2,11,13
2019-10-26 00:00:00,웅산,TBS,34,0,1.8,9,10,19
2019-10-26 00:00:00,김지윤,문자,0,0,0.0,0,0,0
2019-10-26 00:00:00,김지윤,Kakao,0,0,0.0,0,0,0
2019-10-26 00:00:00,김지윤,TBS,0,0,0.0,0,0,0
2019-10-26 00:00:00,아닌밤중 주진우,문자,0,0,0.0,0,0,0
2019-10-26 00:00:00,아닌밤중 주진우,Kakao,0,0,0.0,0,0,0
2019-10-26 00:00:00,아닌밤중 주진우,TBS,0,0,0.0,0,0,0
2019-10-26 00:00:00,주말이 좋다,문자,39,6,1.6,10,15,25
2019-10-26 00:00:00,주말이 좋다,Kakao,26,2,2.4,2,9,11
2019-10-26 00:00:00,주말이 좋다,TBS,0,0,0.0,0,0,0
2019-10-26 00:00:00,우리동네 라디오,문자,0,0,0.0,0,0,0
2019-10-26 00:00:00,우리동네 라디오,Kakao,0,0,0.0,0,0,0
2019-10-26 00:00:00,우리동네 라디오,TBS,0,0,0.0,0,0,0
2019-10-26 00:00:00,서울브루스,문자,0,0,0.0,0,0,0
2019-10-26 00:00:00,서울브루스,Kakao,0,0,0.0,0,0,0
2019-10-26 00:00:00,서울브루스,TBS,0,0,0.0,0,0,0
2019-10-26 00:00:00,마이웨이,문자,8,0,1.1,2,5,7
2019-10-26 00:00:00,마이웨이,Kakao,12,0,1.2,0,10,10
2019-10-26 00:00:00,마이웨이,TBS,291,0,18.2,2,14,16
