_time,pgm_nm,media,rcv,tm,tmp1,new_sub,cur_sub,sum_sub
2019-10-05 00:00:00,달콤한밤,문자,11,0,1.0,2,9,11
2019-10-05 00:00:00,달콤한밤,Kakao,12,0,1.5,0,8,8
2019-10-05 00:00:00,달콤한밤,TBS,20,0,2.9,0,7,7
2019-10-05 00:00:00,러브레터,문자,6,0,1.2,2,3,5
2019-10-05 00:00:00,러브레터,Kakao,4,0,1.0,2,2,4
2019-10-05 00:00:00,러브레터,TBS,0,0,0.0,0,0,0
2019-10-05 00:00:00,노래하는FM,문자,4,0,1.3,0,3,3
2019-10-05 00:00:00,노래하는FM,Kakao,0,0,0.0,0,0,0
2019-10-05 00:00:00,노래하는FM,TBS,0,0,0.0,0,0,0
2019-10-05 00:00:00,일요클래식,문자,0,0,0.0,0,0,0
2019-10-05 00:00:00,일요클래식,Kakao,0,0,0.0,0,0,0
2019-10-05 00:00:00,일요클래식,TBS,0,0,0.0,0,0,0
2019-10-05 00:00:00,라디오를켜라,문자,27,0,1.5,3,15,18
2019-10-05 00:00:00,라디오를켜라,Kakao,23,0,2.3,0,10,10
2019-10-05 00:00:00,라디오를켜라,TBS,47,0,2.0,7,17,24
2019-10-05 00:00:00,김어준 뉴스공장 주말특근,문자,6,0,2.0,1,2,3
2019-10-05 00:00:00,김어준 뉴스공장 주말특근,Kakao,2,0,1.0,1,1,2
2019-10-05 00:00:00,김어준 뉴스공장 주말특근,TBS,75,0,2.3,23,9,32
2019-10-05 00:00:00,교통시대,문자,0,0,0.0,0,0,0
2019-10-05 00:00:00,교통시대,Kakao,0,0,0.0,0,0,0
2019-10-05 00:00:00,교통시대,TBS,0,0,0.0,0,0,0
2019-10-05 00:00:00,김어준 뉴스공장,문자,0,0,0.0,0,0,0
2019-10-05 00:00:00,김어준 뉴스공장,Kakao,0,0,0.0,0,0,0
2019-10-05 00:00:00,김어준 뉴스공장,TBS,0,0,0.0,0,0,0
2019-10-05 00:00:00,tbs 아고라,문자,22,0,2.2,10,0,10
2019-10-05 00:00:00,tbs 아고라,Kakao,3,0,1.0,3,0,3
2019-10-05 00:00:00,tbs 아고라,TBS,77,0,2.6,30,0,30
2019-10-05 00:00:00,열린아침 김만흠,문자,0,0,0.0,0,0,0
2019-10-05 00:00:00,열린아침 김만흠,Kakao,0,0,0.0,0,0,0
2019-10-05 00:00:00,열린아침 김만흠,TBS,0,0,0.0,0,0,0
2019-10-05 00:00:00,김규리 퐁당퐁당,문자,0,0,0.0,0,0,0
2019-10-05 00:00:00,김규리 퐁당퐁당,Kakao,0,0,0.0,0,0,0
2019-10-05 00:00:00,김규리 퐁당퐁당,TBS,0,0,0.0,0,0,0
2019-10-05 00:00:00,기분좋은 토요일/일요일,문자,248,6,1.3,125,66,191
2019-10-05 00:00:00,기분좋은 토요일/일요일,Kakao,157,2,2.5,20,44,64
2019-10-05 00:00:00,기분좋은 토요일/일요일,TBS,147,0,2.3,35,30,65
2019-10-05 00:00:00,좋은사람들 송정애,문자,0,0,0.0,0,0,0
2019-10-05 00:00:00,좋은사람들 송정애,Kakao,0,0,0.0,0,0,0
2019-10-05 00:00:00,좋은사람들 송정애,TBS,0,0,0.0,0,0,0
2019-10-05 00:00:00,배칠수,문자,191,20,1.6,18,105,123
2019-10-05 00:00:00,배칠수,Kakao,261,6,3.7,7,64,71
2019-10-05 00:00:00,배칠수,TBS,307,0,4.4,9,61,70
2019-10-05 00:00:00,최일구,문자,33,0,1.4,6,18,24
2019-10-05 00:00:00,최일구,Kakao,17,0,1.7,0,10,10
2019-10-05 00:00:00,최일구,TBS,42,0,2.3,3,15,18
2019-10-05 00:00:00,진짜라디오,문자,398,13,1.8,217,0,217
2019-10-05 00:00:00,진짜라디오,Kakao,315,1,4.2,75,0,75
2019-10-05 00:00:00,진짜라디오,TBS,465,0,7.2,65,0,65
2019-10-05 00:00:00,이은미,문자,0,0,0.0,0,0,0
2019-10-05 00:00:00,이은미,Kakao,0,0,0.0,0,0,0
2019-10-05 00:00:00,이은미,TBS,0,0,0.0,0,0,0
2019-10-05 00:00:00,웅산,문자,67,11,1.3,25,25,50
2019-10-05 00:00:00,웅산,Kakao,34,2,1.9,3,15,18
2019-10-05 00:00:00,웅산,TBS,33,0,1.9,5,12,17
2019-10-05 00:00:00,김지윤,문자,0,0,0.0,0,0,0
2019-10-05 00:00:00,김지윤,Kakao,0,0,0.0,0,0,0
2019-10-05 00:00:00,김지윤,TBS,0,0,0.0,0,0,0
2019-10-05 00:00:00,아닌밤중 주진우,문자,0,0,0.0,0,0,0
2019-10-05 00:00:00,아닌밤중 주진우,Kakao,0,0,0.0,0,0,0
2019-10-05 00:00:00,아닌밤중 주진우,TBS,0,0,0.0,0,0,0
2019-10-05 00:00:00,주말이 좋다,문자,59,0,1.6,14,23,37
2019-10-05 00:00:00,주말이 좋다,Kakao,60,0,3.2,4,15,19
2019-10-05 00:00:00,주말이 좋다,TBS,0,0,0.0,0,0,0
2019-10-05 00:00:00,우리동네 라디오,문자,0,0,0.0,0,0,0
2019-10-05 00:00:00,우리동네 라디오,Kakao,0,0,0.0,0,0,0
2019-10-05 00:00:00,우리동네 라디오,TBS,0,0,0.0,0,0,0
2019-10-05 00:00:00,서울브루스,문자,0,0,0.0,0,0,0
2019-10-05 00:00:00,서울브루스,Kakao,0,0,0.0,0,0,0
2019-10-05 00:00:00,서울브루스,TBS,0,0,0.0,0,0,0
2019-10-05 00:00:00,마이웨이,문자,15,0,1.3,2,10,12
2019-10-05 00:00:00,마이웨이,Kakao,15,0,2.5,1,5,6
2019-10-05 00:00:00,마이웨이,TBS,255,0,12.8,1,19,20
